127
32767
8388607
2147483647
549755813887
140737488355327
36028797018963967
9223372036854775807
2361183241434822606847
604462909807314587353087
154742504910672534362390527
39614081257132168796771975167
10141204801825835211973625643007
2596148429267413814265248164610047
664613997892457936451903530140172287
170141183460469231731687303715884105727
43556142965880123323311949751266331066367
11150372599265311570767859136324180752990207
2854495385411919762116571938898990272765493247
730750818665451459101842416358141509827966271487
187072209578355573530071658587684226515959365500927
47890485652059026823698344598447161988085597568237567
12259964326927110866866776217202473468949912977468817407
3138550867693340381917894711603833208051177722232017256447
803469022129495137770981046170581301261101496891396417650687
205688069665150755269371147819668813122841983204197482918576127
52656145834278593348959013841835216159447547700274555627155488767
13479973333575319897333507543509815336818572211270286240551805124607
3450873173395281893717377931138512726225554486085193277581262111899647
883423532389192164791648750371459257913741948437809479060803100646309887
226156424291633194186662080095093570025917938800079226639565593765455331327
57896044618658097711785492504343953926634992332820282019728792003956564819967
